Atom 
O 1         8         0.0000000000        0.0000000000        1.3136974600
    S    1
   1 0.159925081E+05    0.1000000000E+01
    S    1
   1 0.235199842E+04    0.1000000000E+01
    S    1
   1 0.529060079E+03    0.1000000000E+01
    S    1
   1 0.148462548E+03    0.1000000000E+01
    S    1
   1 0.478417313E+02    0.1000000000E+01
    S    1
   1 0.168559662E+02    0.1000000000E+01
    S    1
   1 0.623711537E+01    0.1000000000E+01
    S    1
   1 0.175808802E+01    0.1000000000E+01
    S    1
   1 0.690688830E+00    0.1000000000E+01
    S    1
   1 0.239078229E+00    0.1000000000E+01
    P    1
   1 0.633409745E+02    0.1000000000E+01
    P    1
   1 0.145830479E+02    0.1000000000E+01
    P    1
   1 0.442797374E+01    0.1000000000E+01
    P    1
   1 0.151782600E+01    0.1000000000E+01
    P    1
   1 0.524175730E+00    0.1000000000E+01
    P    1
   1 0.172133105E+00    0.1000000000E+01
    D    1
   1 0.117766132E+01    0.1000000000E+01
Atom 
O 2         8         0.0000000000        0.0000000000       -1.3136974600
    S    1
   1 0.159925081E+05    0.1000000000E+01
    S    1
   1 0.235199842E+04    0.1000000000E+01
    S    1
   1 0.529060079E+03    0.1000000000E+01
    S    1
   1 0.148462548E+03    0.1000000000E+01
    S    1
   1 0.478417313E+02    0.1000000000E+01
    S    1
   1 0.168559662E+02    0.1000000000E+01
    S    1
   1 0.623711537E+01    0.1000000000E+01
    S    1
   1 0.175808802E+01    0.1000000000E+01
    S    1
   1 0.690688830E+00    0.1000000000E+01
    S    1
   1 0.239078229E+00    0.1000000000E+01
    P    1
   1 0.633409745E+02    0.1000000000E+01
    P    1
   1 0.145830479E+02    0.1000000000E+01
    P    1
   1 0.442797374E+01    0.1000000000E+01
    P    1
   1 0.151782600E+01    0.1000000000E+01
    P    1
   1 0.524175730E+00    0.1000000000E+01
    P    1
   1 0.172133105E+00    0.1000000000E+01
    D    1
   1 0.117766132E+01    0.1000000000E+01
Atom 
H 3         1         1.6085694100        0.6662912600        1.7014969300
    S    1
   1 0.829687389E+02    0.1000000000E+01
    S    1
   1 0.124571508E+02    0.1000000000E+01
    S    1
   1 0.283382422E+01    0.1000000000E+01
    S    1
   1 0.800164139E+00    0.1000000000E+01
    S    1
   1 0.258629441E+00    0.1000000000E+01
    S    1
   1 0.899766770E-01    0.1000000000E+01
    P    1
   1 0.502448897E+00    0.1000000000E+01
Atom 
H 4         1         1.6085694100       -0.6662912600       -1.7014969300
    S    1
   1 0.829687389E+02    0.1000000000E+01
    S    1
   1 0.124571508E+02    0.1000000000E+01
    S    1
   1 0.283382422E+01    0.1000000000E+01
    S    1
   1 0.800164139E+00    0.1000000000E+01
    S    1
   1 0.258629441E+00    0.1000000000E+01
    S    1
   1 0.899766770E-01    0.1000000000E+01
    P    1
   1 0.502448897E+00    0.1000000000E+01
DIV  
Atom 
O 1         8         0.0000000000        0.0000000000        1.3136974600
    S    1
   1 0.633409745E+02    0.1000000000E+01
    S    1
   1 0.145830479E+02    0.1000000000E+01
    S    1
   1 0.442797374E+01    0.1000000000E+01
    S    1
   1 0.151782600E+01    0.1000000000E+01
    S    1
   1 0.524175730E+00    0.1000000000E+01
    S    1
   1 0.172133105E+00    0.1000000000E+01
    P    1
   1 0.159925081E+05    0.1000000000E+01
    P    1
   1 0.235199842E+04    0.1000000000E+01
    P    1
   1 0.529060079E+03    0.1000000000E+01
    P    1
   1 0.148462548E+03    0.1000000000E+01
    P    1
   1 0.478417313E+02    0.1000000000E+01
    P    1
   1 0.168559662E+02    0.1000000000E+01
    P    1
   1 0.623711537E+01    0.1000000000E+01
    P    1
   1 0.175808802E+01    0.1000000000E+01
    P    1
   1 0.690688830E+00    0.1000000000E+01
    P    1
   1 0.239078229E+00    0.1000000000E+01
    P    1
   1 0.117766132E+01    0.1000000000E+01
    D    1
   1 0.633409745E+02    0.1000000000E+01
    D    1
   1 0.145830479E+02    0.1000000000E+01
    D    1
   1 0.442797374E+01    0.1000000000E+01
    D    1
   1 0.151782600E+01    0.1000000000E+01
    D    1
   1 0.524175730E+00    0.1000000000E+01
    D    1
   1 0.172133105E+00    0.1000000000E+01
    F    1
   1 0.117766132E+01    0.1000000000E+01
Atom 
O 2         8         0.0000000000        0.0000000000       -1.3136974600
    S    1
   1 0.633409745E+02    0.1000000000E+01
    S    1
   1 0.145830479E+02    0.1000000000E+01
    S    1
   1 0.442797374E+01    0.1000000000E+01
    S    1
   1 0.151782600E+01    0.1000000000E+01
    S    1
   1 0.524175730E+00    0.1000000000E+01
    S    1
   1 0.172133105E+00    0.1000000000E+01
    P    1
   1 0.159925081E+05    0.1000000000E+01
    P    1
   1 0.235199842E+04    0.1000000000E+01
    P    1
   1 0.529060079E+03    0.1000000000E+01
    P    1
   1 0.148462548E+03    0.1000000000E+01
    P    1
   1 0.478417313E+02    0.1000000000E+01
    P    1
   1 0.168559662E+02    0.1000000000E+01
    P    1
   1 0.623711537E+01    0.1000000000E+01
    P    1
   1 0.175808802E+01    0.1000000000E+01
    P    1
   1 0.690688830E+00    0.1000000000E+01
    P    1
   1 0.239078229E+00    0.1000000000E+01
    P    1
   1 0.117766132E+01    0.1000000000E+01
    D    1
   1 0.633409745E+02    0.1000000000E+01
    D    1
   1 0.145830479E+02    0.1000000000E+01
    D    1
   1 0.442797374E+01    0.1000000000E+01
    D    1
   1 0.151782600E+01    0.1000000000E+01
    D    1
   1 0.524175730E+00    0.1000000000E+01
    D    1
   1 0.172133105E+00    0.1000000000E+01
    F    1
   1 0.117766132E+01    0.1000000000E+01
Atom 
H 3         1         1.6085694100        0.6662912600        1.7014969300
    S    1
   1 0.502448897E+00    0.1000000000E+01
    P    1
   1 0.829687389E+02    0.1000000000E+01
    P    1
   1 0.124571508E+02    0.1000000000E+01
    P    1
   1 0.283382422E+01    0.1000000000E+01
    P    1
   1 0.800164139E+00    0.1000000000E+01
    P    1
   1 0.258629441E+00    0.1000000000E+01
    P    1
   1 0.899766770E-01    0.1000000000E+01
    D    1
   1 0.502448897E+00    0.1000000000E+01
Atom 
H 4         1         1.6085694100       -0.6662912600       -1.7014969300
    S    1
   1 0.502448897E+00    0.1000000000E+01
    P    1
   1 0.829687389E+02    0.1000000000E+01
    P    1
   1 0.124571508E+02    0.1000000000E+01
    P    1
   1 0.283382422E+01    0.1000000000E+01
    P    1
   1 0.800164139E+00    0.1000000000E+01
    P    1
   1 0.258629441E+00    0.1000000000E+01
    P    1
   1 0.899766770E-01    0.1000000000E+01
    D    1
   1 0.502448897E+00    0.1000000000E+01
DIV  
End  
